1.000000000 0.000000000
1.008017867 -0.000077562
1.016138232 -0.000310249
1.024362745 -0.000698061
1.032693086 -0.001240997
1.041130968 -0.001939058
1.049678139 -0.002792244
1.058336376 -0.003800554
1.067107496 -0.004963989
1.075993348 -0.006282548
1.084995817 -0.007756233
1.094116828 -0.009385042
1.103358340 -0.011168975
1.112722352 -0.013108033
1.122210903 -0.015202216
1.131826073 -0.017451524
1.141569980 -0.019855956
1.151444788 -0.022415512
1.161452702 -0.025130194
1.171595971 -0.028000000
1.181876890 -0.031024931
1.192297800 -0.034204986
1.202861088 -0.037540166
1.213569191 -0.041030471
1.224424594 -0.044675900
1.235429834 -0.048476454
1.246587497 -0.052432133
1.257900225 -0.056542936
1.269370712 -0.060808864
1.281001707 -0.065229917
1.292796019 -0.069806094
1.304756510 -0.074537396
1.316886106 -0.079423823
1.329187790 -0.084465374
1.341664610 -0.089662050
1.354319675 -0.095013850
1.367156160 -0.100520776
1.380177309 -0.106182825
1.393386431 -0.112000000
1.406786905 -0.117972299
1.420382185 -0.124099723
1.434175793 -0.130382271
1.448171331 -0.136819945
1.462372474 -0.143412742
1.476782978 -0.150160665
1.491406678 -0.157063712
1.506247492 -0.164121884
1.521309423 -0.171335180
1.536596559 -0.178703601
1.552113079 -0.186227147
1.567863250 -0.193905817
1.583851434 -0.201739612
1.600082088 -0.209728532
1.616559765 -0.217872576
1.633289121 -0.226171745
1.650274911 -0.234626039
1.667521998 -0.243235457
1.685035351 -0.252000000
1.702820051 -0.260919668
1.720881288 -0.269994460
1.739224373 -0.279224377
1.757854733 -0.288609418
1.776777917 -0.298149584
1.795999599 -0.307844875
1.815525582 -0.317695291
1.835361798 -0.327700831
1.855514316 -0.337861496
1.875989340 -0.348177285
1.896793220 -0.358648199
1.917932447 -0.369274238
1.939413661 -0.380055402
1.961243658 -0.390991690
1.983429387 -0.402083102
2.005977960 -0.413329640
2.028896652 -0.424731302
2.052192907 -0.436288089
2.075874344 -0.448000000
2.099948759 -0.459867036
2.124424129 -0.471889197
2.149308621 -0.484066482
2.174610592 -0.496398892
2.200338598 -0.508886427
2.226501396 -0.521529086
2.253107950 -0.534326870
2.280167440 -0.547279778
2.307689263 -0.560387812
2.335683041 -0.573650970
2.364158626 -0.587069252
2.393126107 -0.600642659
2.422595818 -0.614371191
2.452578341 -0.628254848
2.483084514 -0.642293629
2.514125439 -0.656487535
2.545712489 -0.670836565
2.577857313 -0.685340720
2.610571846 -0.700000000
2.643868316 -0.714814404
2.677759253 -0.729783934
2.712257494 -0.744908587
2.747376196 -0.760188366
2.783128839 -0.775623269
2.819529241 -0.791213296
2.856591564 -0.806958449
2.894330324 -0.822858726
2.932760399 -0.838914127
2.971897043 -0.855124654
3.011755894 -0.871490305
3.052352984 -0.888011080
3.093704751 -0.904686981
3.135828051 -0.921518006
3.178740168 -0.938504155
3.222458829 -0.955645429
3.267002213 -0.972941828
3.312388965 -0.990393352
3.358638210 -1.008000000
