1.000000000 0.000000000
1.012050876 -0.000077562
1.024304753 -0.000310249
1.036765801 -0.000698061
1.049438286 -0.001240997
1.062326577 -0.001939058
1.075435154 -0.002792244
1.088768595 -0.003800554
1.102331597 -0.004963989
1.116128967 -0.006282548
1.130165630 -0.007756233
1.144446635 -0.009385042
1.158977149 -0.011168975
1.173762467 -0.013108033
1.188808019 -0.015202216
1.204119366 -0.017451524
1.219702206 -0.019855956
1.235562382 -0.022415512
1.251705882 -0.025130194
1.268138840 -0.028000000
1.284867550 -0.031024931
1.301898462 -0.034204986
1.319238186 -0.037540166
1.336893506 -0.041030471
1.354871372 -0.044675900
1.373178918 -0.048476454
1.391823452 -0.052432133
1.410812478 -0.056542936
1.430153688 -0.060808864
1.449854974 -0.065229917
1.469924434 -0.069806094
1.490370373 -0.074537396
1.511201317 -0.079423823
1.532426010 -0.084465374
1.554053431 -0.089662050
1.576092788 -0.095013850
1.598553536 -0.100520776
1.621445384 -0.106182825
1.644778292 -0.112000000
1.668562488 -0.117972299
1.692808476 -0.124099723
1.717527035 -0.130382271
1.742729242 -0.136819945
1.768426465 -0.143412742
1.794630386 -0.150160665
1.821352999 -0.157063712
1.848606625 -0.164121884
1.876403926 -0.171335180
1.904757904 -0.178703601
1.933681926 -0.186227147
1.963189718 -0.193905817
1.993295394 -0.201739612
2.024013456 -0.209728532
2.055358806 -0.217872576
2.087346769 -0.226171745
2.119993092 -0.234626039
2.153313969 -0.243235457
2.187326048 -0.252000000
2.222046449 -0.260919668
2.257492772 -0.269994460
2.293683124 -0.279224377
2.330636126 -0.288609418
2.368370930 -0.298149584
2.406907239 -0.307844875
2.446265324 -0.317695291
2.486466039 -0.327700831
2.527530844 -0.337861496
2.569481821 -0.348177285
2.612341700 -0.358648199
2.656133869 -0.369274238
2.700882405 -0.380055402
2.746612096 -0.390991690
2.793348458 -0.402083102
2.841117764 -0.413329640
2.889947067 -0.424731302
2.939864225 -0.436288089
2.990897930 -0.448000000
3.043077734 -0.459867036
3.096434076 -0.471889197
3.150998316 -0.484066482
3.206802759 -0.496398892
3.263880696 -0.508886427
3.322266428 -0.521529086
3.381995302 -0.534326870
