1.000000000 1.925671675
1.008017867 1.919516753
1.016138232 1.913436561
1.024362745 1.907430282
1.032693086 1.901497106
1.041130968 1.895636233
1.049678139 1.889846874
1.058336376 1.884128246
1.067107496 1.878479579
1.075993348 1.872900111
1.084995817 1.867389087
1.094116828 1.861945763
1.103358340 1.856569404
1.112722352 1.851259282
1.122210903 1.846014679
1.131826073 1.840834885
1.141569980 1.835719198
1.151444788 1.830666925
1.161452702 1.825677381
1.171595971 1.820749887
1.181876890 1.815883776
1.192297800 1.811078385
1.202861088 1.806333060
1.213569191 1.801647156
1.224424594 1.797020033
1.235429834 1.792451060
1.246587497 1.787939613
1.257900225 1.783485076
1.269370712 1.779086837
1.281001707 1.774744295
1.292796019 1.770456854
1.304756510 1.766223924
1.316886106 1.762044923
1.329187790 1.757919275
1.341664610 1.753846411
1.354319675 1.749825768
1.367156160 1.745856789
1.380177309 1.741938924
1.393386431 1.738071630
1.406786905 1.734254366
1.420382185 1.730486603
1.434175793 1.726767812
1.448171331 1.723097475
1.462372474 1.719475075
1.476782978 1.715900104
1.491406678 1.712372057
1.506247492 1.708890438
1.521309423 1.705454753
1.536596559 1.702064514
1.552113079 1.698719239
1.567863250 1.695418451
1.583851434 1.692161679
1.600082088 1.688948454
1.616559765 1.685778314
1.633289121 1.682650802
1.650274911 1.679565466
1.667521998 1.676521858
1.685035351 1.673519533
1.702820051 1.670558054
1.720881288 1.667636986
1.739224373 1.664755899
1.757854733 1.661914367
1.776777917 1.659111970
1.795999599 1.656348290
1.815525582 1.653622913
1.835361798 1.650935432
1.855514316 1.648285441
1.875989340 1.645672540
1.896793220 1.643096331
1.917932447 1.640556421
1.939413661 1.638052421
1.961243658 1.635583944
1.983429387 1.633150609
2.005977960 1.630752038
2.028896652 1.628387855
2.052192907 1.626057689
2.075874344 1.623761172
2.099948759 1.621497939
2.124424129 1.619267629
2.149308621 1.617069883
2.174610592 1.614904348
2.200338598 1.612770672
2.226501396 1.610668505
2.253107950 1.608597503
2.280167440 1.606557323
2.307689263 1.604547625
2.335683041 1.602568074
2.364158626 1.600618336
2.393126107 1.598698080
2.422595818 1.596806978
2.452578341 1.594944706
2.483084514 1.593110940
2.514125439 1.591305361
2.545712489 1.589527653
2.577857313 1.587777500
2.610571846 1.586054592
2.643868316 1.584358618
2.677759253 1.582689273
2.712257494 1.581046252
2.747376196 1.579429252
2.783128839 1.577837976
2.819529241 1.576272125
2.856591564 1.574731406
2.894330324 1.573215526
2.932760399 1.571724194
2.971897043 1.570257124
3.011755894 1.568814029
3.052352984 1.567394627
3.093704751 1.565998635
3.135828051 1.564625777
3.178740168 1.563275774
3.222458829 1.561948351
3.267002213 1.560643237
3.312388965 1.559360160
3.358638210 1.558098853
3.405769567 1.556859048
3.453803161 1.555640482
3.502759638 1.554442892
3.552660183 1.553266016
3.603526529 1.552109598
3.655380979 1.550973379
3.708246421 1.549857106
3.762146341 1.548760525
3.817104844 1.547683387
3.873146672 1.546625440
3.930297221 1.545586440
3.988582559 1.544566139
